800	0	0.3048	71.3	0.00266337
1000	0	0.3048	71.3	0.00266337
1250	0	0.3048	71.3	0.00266337
1600	0	0.3048	71.3	0.00266337
2000	0	0.3048	71.3	0.00266337
2500	0	0.3048	71.3	0.00266337
3150	0	0.3048	71.3	0.00266337
4000	0	0.3048	71.3	0.00266337
5000	0	0.3048	71.3	0.00266337
6300	0	0.3048	71.3	0.00266337
8000	0	0.3048	71.3	0.00266337
10000	0	0.3048	71.3	0.00266337
12500	0	0.3048	71.3	0.00266337
16000	0	0.3048	71.3	0.00266337
500	0	0.3048	55.5	0.00283081
630	0	0.3048	55.5	0.00283081
800	0	0.3048	55.5	0.00283081
1000	0	0.3048	55.5	0.00283081
1250	0	0.3048	55.5	0.00283081
1600	0	0.3048	55.5	0.00283081
2000	0	0.3048	55.5	0.00283081
2500	0	0.3048	55.5	0.00283081
3150	0	0.3048	55.5	0.00283081
4000	0	0.3048	55.5	0.00283081
5000	0	0.3048	55.5	0.00283081
6300	0	0.3048	55.5	0.00283081
8000	0	0.3048	55.5	0.00283081
10000	0	0.3048	55.5	0.00283081
12500	0	0.3048	55.5	0.00283081
200	0	0.3048	39.6	0.00310138
250	0	0.3048	39.6	0.00310138
315	0	0.3048	39.6	0.00310138
400	0	0.3048	39.6	0.00310138
500	0	0.3048	39.6	0.00310138
630	0	0.3048	39.6	0.00310138
800	0	0.3048	39.6	0.00310138
1000	0	0.3048	39.6	0.00310138
1250	0	0.3048	39.6	0.00310138
1600	0	0.3048	39.6	0.00310138
2000	0	0.3048	39.6	0.00310138
2500	0	0.3048	39.6	0.00310138
3150	0	0.3048	39.6	0.00310138
4000	0	0.3048	39.6	0.00310138
5000	0	0.3048	39.6	0.00310138
6300	0	0.3048	39.6	0.00310138
8000	0	0.3048	39.6	0.00310138
10000	0	0.3048	39.6	0.00310138
12500	0	0.3048	39.6	0.00310138
200	0	0.3048	31.7	0.00331266
250	0	0.3048	31.7	0.00331266
315	0	0.3048	31.7	0.00331266
400	0	0.3048	31.7	0.00331266
500	0	0.3048	31.7	0.00331266
630	0	0.3048	31.7	0.00331266
800	0	0.3048	31.7	0.00331266
1000	0	0.3048	31.7	0.00331266
1250	0	0.3048	31.7	0.00331266
1600	0	0.3048	31.7	0.00331266
2000	0	0.3048	31.7	0.00331266
2500	0	0.3048	31.7	0.00331266
3150	0	0.3048	31.7	0.00331266
4000	0	0.3048	31.7	0.00331266
5000	0	0.3048	31.7	0.00331266
6300	0	0.3048	31.7	0.00331266
8000	0	0.3048	31.7	0.00331266
10000	0	0.3048	31.7	0.00331266
800	1.5	0.3048	71.3	0.00336729
1000	1.5	0.3048	71.3	0.00336729
1250	1.5	0.3048	71.3	0.00336729
1600	1.5	0.3048	71.3	0.00336729
2000	1.5	0.3048	71.3	0.00336729
2500	1.5	0.3048	71.3	0.00336729
3150	1.5	0.3048	71.3	0.00336729
4000	1.5	0.3048	71.3	0.00336729
5000	1.5	0.3048	71.3	0.00336729
6300	1.5	0.3048	71.3	0.00336729
8000	1.5	0.3048	71.3	0.00336729
10000	1.5	0.3048	71.3	0.00336729
12500	1.5	0.3048	71.3	0.00336729
16000	1.5	0.3048	71.3	0.00336729
315	1.5	0.3048	39.6	0.00392107
400	1.5	0.3048	39.6	0.00392107
500	1.5	0.3048	39.6	0.00392107
630	1.5	0.3048	39.6	0.00392107
800	1.5	0.3048	39.6	0.00392107
1000	1.5	0.3048	39.6	0.00392107
1250	1.5	0.3048	39.6	0.00392107
1600	1.5	0.3048	39.6	0.00392107
2000	1.5	0.3048	39.6	0.00392107
2500	1.5	0.3048	39.6	0.00392107
3150	1.5	0.3048	39.6	0.00392107
4000	1.5	0.3048	39.6	0.00392107
5000	1.5	0.3048	39.6	0.00392107
6300	1.5	0.3048	39.6	0.00392107
8000	1.5	0.3048	39.6	0.00392107
10000	1.5	0.3048	39.6	0.00392107
12500	1.5	0.3048	39.6	0.00392107
400	3	0.3048	71.3	0.00425727
500	3	0.3048	71.3	0.00425727
630	3	0.3048	71.3	0.00425727
800	3	0.3048	71.3	0.00425727
1000	3	0.3048	71.3	0.00425727
1250	3	0.3048	71.3	0.00425727
1600	3	0.3048	71.3	0.00425727
2000	3	0.3048	71.3	0.00425727
2500	3	0.3048	71.3	0.00425727
3150	3	0.3048	71.3	0.00425727
4000	3	0.3048	71.3	0.00425727
5000	3	0.3048	71.3	0.00425727
6300	3	0.3048	71.3	0.00425727
8000	3	0.3048	71.3	0.00425727
10000	3	0.3048	71.3	0.00425727
400	3	0.3048	55.5	0.00452492
500	3	0.3048	55.5	0.00452492
630	3	0.3048	55.5	0.00452492
800	3	0.3048	55.5	0.00452492
1000	3	0.3048	55.5	0.00452492
1250	3	0.3048	55.5	0.00452492
1600	3	0.3048	55.5	0.00452492
2000	3	0.3048	55.5	0.00452492
2500	3	0.3048	55.5	0.00452492
3150	3	0.3048	55.5	0.00452492
4000	3	0.3048	55.5	0.00452492
5000	3	0.3048	55.5	0.00452492
6300	3	0.3048	55.5	0.00452492
8000	3	0.3048	55.5	0.00452492
10000	3	0.3048	55.5	0.00452492
315	3	0.3048	39.6	0.00495741
400	3	0.3048	39.6	0.00495741
500	3	0.3048	39.6	0.00495741
630	3	0.3048	39.6	0.00495741
800	3	0.3048	39.6	0.00495741
1000	3	0.3048	39.6	0.00495741
1250	3	0.3048	39.6	0.00495741
1600	3	0.3048	39.6	0.00495741
2000	3	0.3048	39.6	0.00495741
2500	3	0.3048	39.6	0.00495741
3150	3	0.3048	39.6	0.00495741
4000	3	0.3048	39.6	0.00495741
5000	3	0.3048	39.6	0.00495741
6300	3	0.3048	39.6	0.00495741
8000	3	0.3048	39.6	0.00495741
315	3	0.3048	31.7	0.00529514
400	3	0.3048	31.7	0.00529514
500	3	0.3048	31.7	0.00529514
630	3	0.3048	31.7	0.00529514
800	3	0.3048	31.7	0.00529514
1000	3	0.3048	31.7	0.00529514
1250	3	0.3048	31.7	0.00529514
1600	3	0.3048	31.7	0.00529514
2000	3	0.3048	31.7	0.00529514
2500	3	0.3048	31.7	0.00529514
3150	3	0.3048	31.7	0.00529514
4000	3	0.3048	31.7	0.00529514
5000	3	0.3048	31.7	0.00529514
6300	3	0.3048	31.7	0.00529514
250	4	0.3048	71.3	0.00497773
315	4	0.3048	71.3	0.00497773
400	4	0.3048	71.3	0.00497773
500	4	0.3048	71.3	0.00497773
630	4	0.3048	71.3	0.00497773
800	4	0.3048	71.3	0.00497773
1000	4	0.3048	71.3	0.00497773
1250	4	0.3048	71.3	0.00497773
1600	4	0.3048	71.3	0.00497773
2000	4	0.3048	71.3	0.00497773
2500	4	0.3048	71.3	0.00497773
3150	4	0.3048	71.3	0.00497773
4000	4	0.3048	71.3	0.00497773
5000	4	0.3048	71.3	0.00497773
6300	4	0.3048	71.3	0.00497773
8000	4	0.3048	71.3	0.00497773
10000	4	0.3048	71.3	0.00497773
12500	4	0.3048	71.3	0.00497773
250	4	0.3048	39.6	0.00579636
315	4	0.3048	39.6	0.00579636
400	4	0.3048	39.6	0.00579636
500	4	0.3048	39.6	0.00579636
630	4	0.3048	39.6	0.00579636
800	4	0.3048	39.6	0.00579636
1000	4	0.3048	39.6	0.00579636
1250	4	0.3048	39.6	0.00579636
1600	4	0.3048	39.6	0.00579636
2000	4	0.3048	39.6	0.00579636
2500	4	0.3048	39.6	0.00579636
3150	4	0.3048	39.6	0.00579636
4000	4	0.3048	39.6	0.00579636
5000	4	0.3048	39.6	0.00579636
1250	0	0.2286	71.3	0.00214345
1600	0	0.2286	71.3	0.00214345
2000	0	0.2286	71.3	0.00214345
2500	0	0.2286	71.3	0.00214345
3150	0	0.2286	71.3	0.00214345
4000	0	0.2286	71.3	0.00214345
5000	0	0.2286	71.3	0.00214345
6300	0	0.2286	71.3	0.00214345
8000	0	0.2286	71.3	0.00214345
10000	0	0.2286	71.3	0.00214345
12500	0	0.2286	71.3	0.00214345
16000	0	0.2286	71.3	0.00214345
20000	0	0.2286	71.3	0.00214345
315	0	0.2286	55.5	0.00229336
400	0	0.2286	55.5	0.00229336
500	0	0.2286	55.5	0.00229336
630	0	0.2286	55.5	0.00229336
800	0	0.2286	55.5	0.00229336
1000	0	0.2286	55.5	0.00229336
1250	0	0.2286	55.5	0.00229336
1600	0	0.2286	55.5	0.00229336
2000	0	0.2286	55.5	0.00229336
2500	0	0.2286	55.5	0.00229336
3150	0	0.2286	55.5	0.00229336
4000	0	0.2286	55.5	0.00229336
5000	0	0.2286	55.5	0.00229336
6300	0	0.2286	55.5	0.00229336
315	0	0.2286	39.6	0.00253511
400	0	0.2286	39.6	0.00253511
500	0	0.2286	39.6	0.00253511
630	0	0.2286	39.6	0.00253511
800	0	0.2286	39.6	0.00253511
1000	0	0.2286	39.6	0.00253511
1250	0	0.2286	39.6	0.00253511
1600	0	0.2286	39.6	0.00253511
2000	0	0.2286	39.6	0.00253511
2500	0	0.2286	39.6	0.00253511
3150	0	0.2286	39.6	0.00253511
4000	0	0.2286	39.6	0.00253511
5000	0	0.2286	39.6	0.00253511
6300	0	0.2286	39.6	0.00253511
315	0	0.2286	31.7	0.0027238
400	0	0.2286	31.7	0.0027238
500	0	0.2286	31.7	0.0027238
630	0	0.2286	31.7	0.0027238
800	0	0.2286	31.7	0.0027238
1000	0	0.2286	31.7	0.0027238
1250	0	0.2286	31.7	0.0027238
1600	0	0.2286	31.7	0.0027238
2000	0	0.2286	31.7	0.0027238
2500	0	0.2286	31.7	0.0027238
3150	0	0.2286	31.7	0.0027238
4000	0	0.2286	31.7	0.0027238
5000	0	0.2286	31.7	0.0027238
6300	0	0.2286	31.7	0.0027238
400	2	0.2286	71.3	0.00293031
500	2	0.2286	71.3	0.00293031
630	2	0.2286	71.3	0.00293031
800	2	0.2286	71.3	0.00293031
1000	2	0.2286	71.3	0.00293031
1250	2	0.2286	71.3	0.00293031
1600	2	0.2286	71.3	0.00293031
2000	2	0.2286	71.3	0.00293031
2500	2	0.2286	71.3	0.00293031
3150	2	0.2286	71.3	0.00293031
4000	2	0.2286	71.3	0.00293031
5000	2	0.2286	71.3	0.00293031
6300	2	0.2286	71.3	0.00293031
8000	2	0.2286	71.3	0.00293031
10000	2	0.2286	71.3	0.00293031
400	2	0.2286	55.5	0.00313525
500	2	0.2286	55.5	0.00313525
630	2	0.2286	55.5	0.00313525
800	2	0.2286	55.5	0.00313525
1000	2	0.2286	55.5	0.00313525
1250	2	0.2286	55.5	0.00313525
1600	2	0.2286	55.5	0.00313525
2000	2	0.2286	55.5	0.00313525
2500	2	0.2286	55.5	0.00313525
3150	2	0.2286	55.5	0.00313525
4000	2	0.2286	55.5	0.00313525
5000	2	0.2286	55.5	0.00313525
6300	2	0.2286	55.5	0.00313525
315	2	0.2286	39.6	0.00346574
400	2	0.2286	39.6	0.00346574
500	2	0.2286	39.6	0.00346574
630	2	0.2286	39.6	0.00346574
800	2	0.2286	39.6	0.00346574
1000	2	0.2286	39.6	0.00346574
1250	2	0.2286	39.6	0.00346574
1600	2	0.2286	39.6	0.00346574
2000	2	0.2286	39.6	0.00346574
2500	2	0.2286	39.6	0.00346574
3150	2	0.2286	39.6	0.00346574
4000	2	0.2286	39.6	0.00346574
5000	2	0.2286	39.6	0.00346574
6300	2	0.2286	39.6	0.00346574
315	2	0.2286	31.7	0.00372371
400	2	0.2286	31.7	0.00372371
500	2	0.2286	31.7	0.00372371
630	2	0.2286	31.7	0.00372371
800	2	0.2286	31.7	0.00372371
1000	2	0.2286	31.7	0.00372371
1250	2	0.2286	31.7	0.00372371
1600	2	0.2286	31.7	0.00372371
2000	2	0.2286	31.7	0.00372371
2500	2	0.2286	31.7	0.00372371
3150	2	0.2286	31.7	0.00372371
4000	2	0.2286	31.7	0.00372371
5000	2	0.2286	31.7	0.00372371
6300	2	0.2286	31.7	0.00372371
500	4	0.2286	71.3	0.00400603
630	4	0.2286	71.3	0.00400603
800	4	0.2286	71.3	0.00400603
1000	4	0.2286	71.3	0.00400603
1250	4	0.2286	71.3	0.00400603
1600	4	0.2286	71.3	0.00400603
2000	4	0.2286	71.3	0.00400603
2500	4	0.2286	71.3	0.00400603
3150	4	0.2286	71.3	0.00400603
4000	4	0.2286	71.3	0.00400603
5000	4	0.2286	71.3	0.00400603
6300	4	0.2286	71.3	0.00400603
8000	4	0.2286	71.3	0.00400603
10000	4	0.2286	71.3	0.00400603
12500	4	0.2286	71.3	0.00400603
16000	4	0.2286	71.3	0.00400603
20000	4	0.2286	71.3	0.00400603
400	4	0.2286	55.5	0.0042862
500	4	0.2286	55.5	0.0042862
630	4	0.2286	55.5	0.0042862
800	4	0.2286	55.5	0.0042862
1000	4	0.2286	55.5	0.0042862
1250	4	0.2286	55.5	0.0042862
1600	4	0.2286	55.5	0.0042862
2000	4	0.2286	55.5	0.0042862
2500	4	0.2286	55.5	0.0042862
3150	4	0.2286	55.5	0.0042862
4000	4	0.2286	55.5	0.0042862
5000	4	0.2286	55.5	0.0042862
6300	4	0.2286	55.5	0.0042862
8000	4	0.2286	55.5	0.0042862
315	4	0.2286	39.6	0.00473801
400	4	0.2286	39.6	0.00473801
500	4	0.2286	39.6	0.00473801
630	4	0.2286	39.6	0.00473801
800	4	0.2286	39.6	0.00473801
1000	4	0.2286	39.6	0.00473801
1250	4	0.2286	39.6	0.00473801
1600	4	0.2286	39.6	0.00473801
2000	4	0.2286	39.6	0.00473801
2500	4	0.2286	39.6	0.00473801
3150	4	0.2286	39.6	0.00473801
4000	4	0.2286	39.6	0.00473801
5000	4	0.2286	39.6	0.00473801
6300	4	0.2286	39.6	0.00473801
8000	4	0.2286	39.6	0.00473801
250	4	0.2286	31.7	0.00509068
315	4	0.2286	31.7	0.00509068
400	4	0.2286	31.7	0.00509068
500	4	0.2286	31.7	0.00509068
630	4	0.2286	31.7	0.00509068
800	4	0.2286	31.7	0.00509068
1000	4	0.2286	31.7	0.00509068
1250	4	0.2286	31.7	0.00509068
1600	4	0.2286	31.7	0.00509068
2000	4	0.2286	31.7	0.00509068
2500	4	0.2286	31.7	0.00509068
3150	4	0.2286	31.7	0.00509068
4000	4	0.2286	31.7	0.00509068
5000	4	0.2286	31.7	0.00509068
6300	4	0.2286	31.7	0.00509068
400	5.3	0.2286	71.3	0.0051942
500	5.3	0.2286	71.3	0.0051942
630	5.3	0.2286	71.3	0.0051942
800	5.3	0.2286	71.3	0.0051942
1000	5.3	0.2286	71.3	0.0051942
1250	5.3	0.2286	71.3	0.0051942
1600	5.3	0.2286	71.3	0.0051942
2000	5.3	0.2286	71.3	0.0051942
2500	5.3	0.2286	71.3	0.0051942
3150	5.3	0.2286	71.3	0.0051942
4000	5.3	0.2286	71.3	0.0051942
5000	5.3	0.2286	71.3	0.0051942
6300	5.3	0.2286	71.3	0.0051942
8000	5.3	0.2286	71.3	0.0051942
10000	5.3	0.2286	71.3	0.0051942
250	5.3	0.2286	39.6	0.00614329
315	5.3	0.2286	39.6	0.00614329
400	5.3	0.2286	39.6	0.00614329
500	5.3	0.2286	39.6	0.00614329
630	5.3	0.2286	39.6	0.00614329
800	5.3	0.2286	39.6	0.00614329
1000	5.3	0.2286	39.6	0.00614329
1250	5.3	0.2286	39.6	0.00614329
1600	5.3	0.2286	39.6	0.00614329
2000	5.3	0.2286	39.6	0.00614329
2500	5.3	0.2286	39.6	0.00614329
3150	5.3	0.2286	39.6	0.00614329
4000	5.3	0.2286	39.6	0.00614329
5000	5.3	0.2286	39.6	0.00614329
6300	5.3	0.2286	39.6	0.00614329
200	7.3	0.2286	71.3	0.0104404
250	7.3	0.2286	71.3	0.0104404
315	7.3	0.2286	71.3	0.0104404
400	7.3	0.2286	71.3	0.0104404
500	7.3	0.2286	71.3	0.0104404
630	7.3	0.2286	71.3	0.0104404
800	7.3	0.2286	71.3	0.0104404
1000	7.3	0.2286	71.3	0.0104404
1250	7.3	0.2286	71.3	0.0104404
1600	7.3	0.2286	71.3	0.0104404
2000	7.3	0.2286	71.3	0.0104404
2500	7.3	0.2286	71.3	0.0104404
3150	7.3	0.2286	71.3	0.0104404
4000	7.3	0.2286	71.3	0.0104404
5000	7.3	0.2286	71.3	0.0104404
6300	7.3	0.2286	71.3	0.0104404
200	7.3	0.2286	55.5	0.0111706
250	7.3	0.2286	55.5	0.0111706
315	7.3	0.2286	55.5	0.0111706
400	7.3	0.2286	55.5	0.0111706
500	7.3	0.2286	55.5	0.0111706
630	7.3	0.2286	55.5	0.0111706
800	7.3	0.2286	55.5	0.0111706
1000	7.3	0.2286	55.5	0.0111706
1250	7.3	0.2286	55.5	0.0111706
1600	7.3	0.2286	55.5	0.0111706
2000	7.3	0.2286	55.5	0.0111706
2500	7.3	0.2286	55.5	0.0111706
3150	7.3	0.2286	55.5	0.0111706
4000	7.3	0.2286	55.5	0.0111706
5000	7.3	0.2286	55.5	0.0111706
6300	7.3	0.2286	55.5	0.0111706
200	7.3	0.2286	39.6	0.0123481
250	7.3	0.2286	39.6	0.0123481
315	7.3	0.2286	39.6	0.0123481
400	7.3	0.2286	39.6	0.0123481
500	7.3	0.2286	39.6	0.0123481
630	7.3	0.2286	39.6	0.0123481
800	7.3	0.2286	39.6	0.0123481
1000	7.3	0.2286	39.6	0.0123481
1250	7.3	0.2286	39.6	0.0123481
1600	7.3	0.2286	39.6	0.0123481
2000	7.3	0.2286	39.6	0.0123481
2500	7.3	0.2286	39.6	0.0123481
3150	7.3	0.2286	39.6	0.0123481
4000	7.3	0.2286	39.6	0.0123481
5000	7.3	0.2286	39.6	0.0123481
6300	7.3	0.2286	39.6	0.0123481
200	7.3	0.2286	31.7	0.0132672
250	7.3	0.2286	31.7	0.0132672
315	7.3	0.2286	31.7	0.0132672
400	7.3	0.2286	31.7	0.0132672
500	7.3	0.2286	31.7	0.0132672
630	7.3	0.2286	31.7	0.0132672
800	7.3	0.2286	31.7	0.0132672
1000	7.3	0.2286	31.7	0.0132672
1250	7.3	0.2286	31.7	0.0132672
1600	7.3	0.2286	31.7	0.0132672
2000	7.3	0.2286	31.7	0.0132672
2500	7.3	0.2286	31.7	0.0132672
3150	7.3	0.2286	31.7	0.0132672
4000	7.3	0.2286	31.7	0.0132672
5000	7.3	0.2286	31.7	0.0132672
6300	7.3	0.2286	31.7	0.0132672
800	0	0.1524	71.3	0.0015988
1000	0	0.1524	71.3	0.0015988
1250	0	0.1524	71.3	0.0015988
1600	0	0.1524	71.3	0.0015988
2000	0	0.1524	71.3	0.0015988
2500	0	0.1524	71.3	0.0015988
3150	0	0.1524	71.3	0.0015988
4000	0	0.1524	71.3	0.0015988
5000	0	0.1524	71.3	0.0015988
6300	0	0.1524	71.3	0.0015988
8000	0	0.1524	71.3	0.0015988
10000	0	0.1524	71.3	0.0015988
12500	0	0.1524	71.3	0.0015988
16000	0	0.1524	71.3	0.0015988
500	0	0.1524	55.5	0.00172668
630	0	0.1524	55.5	0.00172668
800	0	0.1524	55.5	0.00172668
1000	0	0.1524	55.5	0.00172668
1250	0	0.1524	55.5	0.00172668
1600	0	0.1524	55.5	0.00172668
2000	0	0.1524	55.5	0.00172668
2500	0	0.1524	55.5	0.00172668
3150	0	0.1524	55.5	0.00172668
4000	0	0.1524	55.5	0.00172668
5000	0	0.1524	55.5	0.00172668
6300	0	0.1524	55.5	0.00172668
8000	0	0.1524	55.5	0.00172668
10000	0	0.1524	55.5	0.00172668
12500	0	0.1524	55.5	0.00172668
16000	0	0.1524	55.5	0.00172668
500	0	0.1524	39.6	0.00193287
630	0	0.1524	39.6	0.00193287
800	0	0.1524	39.6	0.00193287
1000	0	0.1524	39.6	0.00193287
1250	0	0.1524	39.6	0.00193287
1600	0	0.1524	39.6	0.00193287
2000	0	0.1524	39.6	0.00193287
2500	0	0.1524	39.6	0.00193287
3150	0	0.1524	39.6	0.00193287
4000	0	0.1524	39.6	0.00193287
5000	0	0.1524	39.6	0.00193287
6300	0	0.1524	39.6	0.00193287
8000	0	0.1524	39.6	0.00193287
10000	0	0.1524	39.6	0.00193287
500	0	0.1524	31.7	0.00209405
630	0	0.1524	31.7	0.00209405
800	0	0.1524	31.7	0.00209405
1000	0	0.1524	31.7	0.00209405
1250	0	0.1524	31.7	0.00209405
1600	0	0.1524	31.7	0.00209405
2000	0	0.1524	31.7	0.00209405
2500	0	0.1524	31.7	0.00209405
3150	0	0.1524	31.7	0.00209405
4000	0	0.1524	31.7	0.00209405
5000	0	0.1524	31.7	0.00209405
6300	0	0.1524	31.7	0.00209405
8000	0	0.1524	31.7	0.00209405
630	2.7	0.1524	71.3	0.00243851
800	2.7	0.1524	71.3	0.00243851
1000	2.7	0.1524	71.3	0.00243851
1250	2.7	0.1524	71.3	0.00243851
1600	2.7	0.1524	71.3	0.00243851
2000	2.7	0.1524	71.3	0.00243851
2500	2.7	0.1524	71.3	0.00243851
3150	2.7	0.1524	71.3	0.00243851
4000	2.7	0.1524	71.3	0.00243851
5000	2.7	0.1524	71.3	0.00243851
6300	2.7	0.1524	71.3	0.00243851
8000	2.7	0.1524	71.3	0.00243851
10000	2.7	0.1524	71.3	0.00243851
12500	2.7	0.1524	71.3	0.00243851
16000	2.7	0.1524	71.3	0.00243851
500	2.7	0.1524	39.6	0.00294804
630	2.7	0.1524	39.6	0.00294804
800	2.7	0.1524	39.6	0.00294804
1000	2.7	0.1524	39.6	0.00294804
1250	2.7	0.1524	39.6	0.00294804
1600	2.7	0.1524	39.6	0.00294804
2000	2.7	0.1524	39.6	0.00294804
2500	2.7	0.1524	39.6	0.00294804
3150	2.7	0.1524	39.6	0.00294804
4000	2.7	0.1524	39.6	0.00294804
5000	2.7	0.1524	39.6	0.00294804
6300	2.7	0.1524	39.6	0.00294804
8000	2.7	0.1524	39.6	0.00294804
10000	2.7	0.1524	39.6	0.00294804
12500	2.7	0.1524	39.6	0.00294804
400	5.4	0.1524	71.3	0.00401199
500	5.4	0.1524	71.3	0.00401199
630	5.4	0.1524	71.3	0.00401199
800	5.4	0.1524	71.3	0.00401199
1000	5.4	0.1524	71.3	0.00401199
1250	5.4	0.1524	71.3	0.00401199
1600	5.4	0.1524	71.3	0.00401199
2000	5.4	0.1524	71.3	0.00401199
2500	5.4	0.1524	71.3	0.00401199
3150	5.4	0.1524	71.3	0.00401199
4000	5.4	0.1524	71.3	0.00401199
5000	5.4	0.1524	71.3	0.00401199
6300	5.4	0.1524	71.3	0.00401199
400	5.4	0.1524	55.5	0.00433288
500	5.4	0.1524	55.5	0.00433288
630	5.4	0.1524	55.5	0.00433288
800	5.4	0.1524	55.5	0.00433288
1000	5.4	0.1524	55.5	0.00433288
1250	5.4	0.1524	55.5	0.00433288
1600	5.4	0.1524	55.5	0.00433288
2000	5.4	0.1524	55.5	0.00433288
2500	5.4	0.1524	55.5	0.00433288
3150	5.4	0.1524	55.5	0.00433288
4000	5.4	0.1524	55.5	0.00433288
5000	5.4	0.1524	55.5	0.00433288
6300	5.4	0.1524	55.5	0.00433288
8000	5.4	0.1524	55.5	0.00433288
315	5.4	0.1524	39.6	0.00485029
400	5.4	0.1524	39.6	0.00485029
500	5.4	0.1524	39.6	0.00485029
630	5.4	0.1524	39.6	0.00485029
800	5.4	0.1524	39.6	0.00485029
1000	5.4	0.1524	39.6	0.00485029
1250	5.4	0.1524	39.6	0.00485029
1600	5.4	0.1524	39.6	0.00485029
2000	5.4	0.1524	39.6	0.00485029
2500	5.4	0.1524	39.6	0.00485029
3150	5.4	0.1524	39.6	0.00485029
4000	5.4	0.1524	39.6	0.00485029
5000	5.4	0.1524	39.6	0.00485029
6300	5.4	0.1524	39.6	0.00485029
315	5.4	0.1524	31.7	0.00525474
400	5.4	0.1524	31.7	0.00525474
500	5.4	0.1524	31.7	0.00525474
630	5.4	0.1524	31.7	0.00525474
800	5.4	0.1524	31.7	0.00525474
1000	5.4	0.1524	31.7	0.00525474
1250	5.4	0.1524	31.7	0.00525474
1600	5.4	0.1524	31.7	0.00525474
2000	5.4	0.1524	31.7	0.00525474
2500	5.4	0.1524	31.7	0.00525474
3150	5.4	0.1524	31.7	0.00525474
4000	5.4	0.1524	31.7	0.00525474
5000	5.4	0.1524	31.7	0.00525474
6300	5.4	0.1524	31.7	0.00525474
315	7.2	0.1524	71.3	0.00752039
400	7.2	0.1524	71.3	0.00752039
500	7.2	0.1524	71.3	0.00752039
630	7.2	0.1524	71.3	0.00752039
800	7.2	0.1524	71.3	0.00752039
1000	7.2	0.1524	71.3	0.00752039
1250	7.2	0.1524	71.3	0.00752039
1600	7.2	0.1524	71.3	0.00752039
2000	7.2	0.1524	71.3	0.00752039
2500	7.2	0.1524	71.3	0.00752039
3150	7.2	0.1524	71.3	0.00752039
4000	7.2	0.1524	71.3	0.00752039
5000	7.2	0.1524	71.3	0.00752039
6300	7.2	0.1524	71.3	0.00752039
8000	7.2	0.1524	71.3	0.00752039
10000	7.2	0.1524	71.3	0.00752039
250	7.2	0.1524	39.6	0.00909175
315	7.2	0.1524	39.6	0.00909175
400	7.2	0.1524	39.6	0.00909175
500	7.2	0.1524	39.6	0.00909175
630	7.2	0.1524	39.6	0.00909175
800	7.2	0.1524	39.6	0.00909175
1000	7.2	0.1524	39.6	0.00909175
1250	7.2	0.1524	39.6	0.00909175
1600	7.2	0.1524	39.6	0.00909175
2000	7.2	0.1524	39.6	0.00909175
2500	7.2	0.1524	39.6	0.00909175
3150	7.2	0.1524	39.6	0.00909175
4000	7.2	0.1524	39.6	0.00909175
5000	7.2	0.1524	39.6	0.00909175
6300	7.2	0.1524	39.6	0.00909175
8000	7.2	0.1524	39.6	0.00909175
10000	7.2	0.1524	39.6	0.00909175
200	9.9	0.1524	71.3	0.0193001
250	9.9	0.1524	71.3	0.0193001
315	9.9	0.1524	71.3	0.0193001
400	9.9	0.1524	71.3	0.0193001
500	9.9	0.1524	71.3	0.0193001
630	9.9	0.1524	71.3	0.0193001
800	9.9	0.1524	71.3	0.0193001
1000	9.9	0.1524	71.3	0.0193001
1250	9.9	0.1524	71.3	0.0193001
1600	9.9	0.1524	71.3	0.0193001
2000	9.9	0.1524	71.3	0.0193001
2500	9.9	0.1524	71.3	0.0193001
3150	9.9	0.1524	71.3	0.0193001
4000	9.9	0.1524	71.3	0.0193001
5000	9.9	0.1524	71.3	0.0193001
6300	9.9	0.1524	71.3	0.0193001
200	9.9	0.1524	55.5	0.0208438
250	9.9	0.1524	55.5	0.0208438
315	9.9	0.1524	55.5	0.0208438
400	9.9	0.1524	55.5	0.0208438
500	9.9	0.1524	55.5	0.0208438
630	9.9	0.1524	55.5	0.0208438
800	9.9	0.1524	55.5	0.0208438
1000	9.9	0.1524	55.5	0.0208438
1250	9.9	0.1524	55.5	0.0208438
1600	9.9	0.1524	55.5	0.0208438
2000	9.9	0.1524	55.5	0.0208438
2500	9.9	0.1524	55.5	0.0208438
3150	9.9	0.1524	55.5	0.0208438
4000	9.9	0.1524	55.5	0.0208438
5000	9.9	0.1524	55.5	0.0208438
6300	9.9	0.1524	55.5	0.0208438
200	9.9	0.1524	39.6	0.0233328
250	9.9	0.1524	39.6	0.0233328
315	9.9	0.1524	39.6	0.0233328
400	9.9	0.1524	39.6	0.0233328
500	9.9	0.1524	39.6	0.0233328
630	9.9	0.1524	39.6	0.0233328
800	9.9	0.1524	39.6	0.0233328
1000	9.9	0.1524	39.6	0.0233328
1250	9.9	0.1524	39.6	0.0233328
1600	9.9	0.1524	39.6	0.0233328
2000	9.9	0.1524	39.6	0.0233328
2500	9.9	0.1524	39.6	0.0233328
3150	9.9	0.1524	39.6	0.0233328
4000	9.9	0.1524	39.6	0.0233328
5000	9.9	0.1524	39.6	0.0233328
6300	9.9	0.1524	39.6	0.0233328
200	9.9	0.1524	31.7	0.0252785
250	9.9	0.1524	31.7	0.0252785
315	9.9	0.1524	31.7	0.0252785
400	9.9	0.1524	31.7	0.0252785
500	9.9	0.1524	31.7	0.0252785
630	9.9	0.1524	31.7	0.0252785
800	9.9	0.1524	31.7	0.0252785
1000	9.9	0.1524	31.7	0.0252785
1250	9.9	0.1524	31.7	0.0252785
1600	9.9	0.1524	31.7	0.0252785
2000	9.9	0.1524	31.7	0.0252785
2500	9.9	0.1524	31.7	0.0252785
3150	9.9	0.1524	31.7	0.0252785
4000	9.9	0.1524	31.7	0.0252785
5000	9.9	0.1524	31.7	0.0252785
6300	9.9	0.1524	31.7	0.0252785
200	12.6	0.1524	71.3	0.0483159
250	12.6	0.1524	71.3	0.0483159
315	12.6	0.1524	71.3	0.0483159
400	12.6	0.1524	71.3	0.0483159
500	12.6	0.1524	71.3	0.0483159
630	12.6	0.1524	71.3	0.0483159
800	12.6	0.1524	71.3	0.0483159
1000	12.6	0.1524	71.3	0.0483159
1250	12.6	0.1524	71.3	0.0483159
1600	12.6	0.1524	71.3	0.0483159
2000	12.6	0.1524	71.3	0.0483159
2500	12.6	0.1524	71.3	0.0483159
3150	12.6	0.1524	71.3	0.0483159
4000	12.6	0.1524	71.3	0.0483159
5000	12.6	0.1524	71.3	0.0483159
6300	12.6	0.1524	71.3	0.0483159
200	12.6	0.1524	39.6	0.0584113
250	12.6	0.1524	39.6	0.0584113
315	12.6	0.1524	39.6	0.0584113
400	12.6	0.1524	39.6	0.0584113
500	12.6	0.1524	39.6	0.0584113
630	12.6	0.1524	39.6	0.0584113
800	12.6	0.1524	39.6	0.0584113
1000	12.6	0.1524	39.6	0.0584113
1250	12.6	0.1524	39.6	0.0584113
1600	12.6	0.1524	39.6	0.0584113
2000	12.6	0.1524	39.6	0.0584113
2500	12.6	0.1524	39.6	0.0584113
3150	12.6	0.1524	39.6	0.0584113
4000	12.6	0.1524	39.6	0.0584113
5000	12.6	0.1524	39.6	0.0584113
6300	12.6	0.1524	39.6	0.0584113
800	0	0.0508	71.3	0.000740478
1000	0	0.0508	71.3	0.000740478
1250	0	0.0508	71.3	0.000740478
1600	0	0.0508	71.3	0.000740478
2000	0	0.0508	71.3	0.000740478
2500	0	0.0508	71.3	0.000740478
3150	0	0.0508	71.3	0.000740478
4000	0	0.0508	71.3	0.000740478
5000	0	0.0508	71.3	0.000740478
6300	0	0.0508	71.3	0.000740478
8000	0	0.0508	71.3	0.000740478
10000	0	0.0508	71.3	0.000740478
12500	0	0.0508	71.3	0.000740478
800	0	0.0508	55.5	0.00076193
1000	0	0.0508	55.5	0.00076193
1250	0	0.0508	55.5	0.00076193
1600	0	0.0508	55.5	0.00076193
2000	0	0.0508	55.5	0.00076193
2500	0	0.0508	55.5	0.00076193
3150	0	0.0508	55.5	0.00076193
4000	0	0.0508	55.5	0.00076193
5000	0	0.0508	55.5	0.00076193
6300	0	0.0508	55.5	0.00076193
8000	0	0.0508	55.5	0.00076193
10000	0	0.0508	55.5	0.00076193
12500	0	0.0508	55.5	0.00076193
800	0	0.0508	39.6	0.000791822
1000	0	0.0508	39.6	0.000791822
1250	0	0.0508	39.6	0.000791822
1600	0	0.0508	39.6	0.000791822
2000	0	0.0508	39.6	0.000791822
2500	0	0.0508	39.6	0.000791822
3150	0	0.0508	39.6	0.000791822
4000	0	0.0508	39.6	0.000791822
5000	0	0.0508	39.6	0.000791822
6300	0	0.0508	39.6	0.000791822
8000	0	0.0508	39.6	0.000791822
10000	0	0.0508	39.6	0.000791822
12500	0	0.0508	39.6	0.000791822
800	0	0.0508	31.7	0.000812164
1000	0	0.0508	31.7	0.000812164
1250	0	0.0508	31.7	0.000812164
1600	0	0.0508	31.7	0.000812164
2000	0	0.0508	31.7	0.000812164
2500	0	0.0508	31.7	0.000812164
3150	0	0.0508	31.7	0.000812164
4000	0	0.0508	31.7	0.000812164
5000	0	0.0508	31.7	0.000812164
6300	0	0.0508	31.7	0.000812164
8000	0	0.0508	31.7	0.000812164
10000	0	0.0508	31.7	0.000812164
12500	0	0.0508	31.7	0.000812164
1600	4.2	0.0508	71.3	0.00142788
2000	4.2	0.0508	71.3	0.00142788
2500	4.2	0.0508	71.3	0.00142788
3150	4.2	0.0508	71.3	0.00142788
4000	4.2	0.0508	71.3	0.00142788
5000	4.2	0.0508	71.3	0.00142788
6300	4.2	0.0508	71.3	0.00142788
8000	4.2	0.0508	71.3	0.00142788
10000	4.2	0.0508	71.3	0.00142788
12500	4.2	0.0508	71.3	0.00142788
1000	4.2	0.0508	39.6	0.00152689
1250	4.2	0.0508	39.6	0.00152689
1600	4.2	0.0508	39.6	0.00152689
2000	4.2	0.0508	39.6	0.00152689
2500	4.2	0.0508	39.6	0.00152689
3150	4.2	0.0508	39.6	0.00152689
4000	4.2	0.0508	39.6	0.00152689
5000	4.2	0.0508	39.6	0.00152689
6300	4.2	0.0508	39.6	0.00152689
8000	4.2	0.0508	39.6	0.00152689
10000	4.2	0.0508	39.6	0.00152689
800	8.4	0.0508	71.3	0.00529514
1000	8.4	0.0508	71.3	0.00529514
1250	8.4	0.0508	71.3	0.00529514
1600	8.4	0.0508	71.3	0.00529514
2000	8.4	0.0508	71.3	0.00529514
2500	8.4	0.0508	71.3	0.00529514
3150	8.4	0.0508	71.3	0.00529514
4000	8.4	0.0508	71.3	0.00529514
5000	8.4	0.0508	71.3	0.00529514
400	8.4	0.0508	55.5	0.00544854
500	8.4	0.0508	55.5	0.00544854
630	8.4	0.0508	55.5	0.00544854
800	8.4	0.0508	55.5	0.00544854
1000	8.4	0.0508	55.5	0.00544854
1250	8.4	0.0508	55.5	0.00544854
1600	8.4	0.0508	55.5	0.00544854
2000	8.4	0.0508	55.5	0.00544854
2500	8.4	0.0508	55.5	0.00544854
3150	8.4	0.0508	55.5	0.00544854
4000	8.4	0.0508	55.5	0.00544854
5000	8.4	0.0508	55.5	0.00544854
400	8.4	0.0508	39.6	0.00566229
500	8.4	0.0508	39.6	0.00566229
630	8.4	0.0508	39.6	0.00566229
800	8.4	0.0508	39.6	0.00566229
1000	8.4	0.0508	39.6	0.00566229
1250	8.4	0.0508	39.6	0.00566229
1600	8.4	0.0508	39.6	0.00566229
2000	8.4	0.0508	39.6	0.00566229
2500	8.4	0.0508	39.6	0.00566229
3150	8.4	0.0508	39.6	0.00566229
4000	8.4	0.0508	39.6	0.00566229
400	8.4	0.0508	31.7	0.00580776
500	8.4	0.0508	31.7	0.00580776
630	8.4	0.0508	31.7	0.00580776
800	8.4	0.0508	31.7	0.00580776
1000	8.4	0.0508	31.7	0.00580776
1250	8.4	0.0508	31.7	0.00580776
1600	8.4	0.0508	31.7	0.00580776
2000	8.4	0.0508	31.7	0.00580776
2500	8.4	0.0508	31.7	0.00580776
3150	8.4	0.0508	31.7	0.00580776
4000	8.4	0.0508	31.7	0.00580776
200	11.2	0.0508	71.3	0.014072
250	11.2	0.0508	71.3	0.014072
315	11.2	0.0508	71.3	0.014072
400	11.2	0.0508	71.3	0.014072
500	11.2	0.0508	71.3	0.014072
630	11.2	0.0508	71.3	0.014072
800	11.2	0.0508	71.3	0.014072
1000	11.2	0.0508	71.3	0.014072
1250	11.2	0.0508	71.3	0.014072
1600	11.2	0.0508	71.3	0.014072
2000	11.2	0.0508	71.3	0.014072
2500	11.2	0.0508	71.3	0.014072
3150	11.2	0.0508	71.3	0.014072
4000	11.2	0.0508	71.3	0.014072
200	11.2	0.0508	39.6	0.0150478
250	11.2	0.0508	39.6	0.0150478
315	11.2	0.0508	39.6	0.0150478
400	11.2	0.0508	39.6	0.0150478
500	11.2	0.0508	39.6	0.0150478
630	11.2	0.0508	39.6	0.0150478
800	11.2	0.0508	39.6	0.0150478
1000	11.2	0.0508	39.6	0.0150478
1250	11.2	0.0508	39.6	0.0150478
1600	11.2	0.0508	39.6	0.0150478
2000	11.2	0.0508	39.6	0.0150478
2500	11.2	0.0508	39.6	0.0150478
3150	11.2	0.0508	39.6	0.0150478
4000	11.2	0.0508	39.6	0.0150478
200	15.4	0.0508	71.3	0.0264269
250	15.4	0.0508	71.3	0.0264269
315	15.4	0.0508	71.3	0.0264269
400	15.4	0.0508	71.3	0.0264269
500	15.4	0.0508	71.3	0.0264269
630	15.4	0.0508	71.3	0.0264269
800	15.4	0.0508	71.3	0.0264269
1000	15.4	0.0508	71.3	0.0264269
1250	15.4	0.0508	71.3	0.0264269
1600	15.4	0.0508	71.3	0.0264269
2000	15.4	0.0508	71.3	0.0264269
2500	15.4	0.0508	71.3	0.0264269
3150	15.4	0.0508	71.3	0.0264269
4000	15.4	0.0508	71.3	0.0264269
5000	15.4	0.0508	71.3	0.0264269
6300	15.4	0.0508	71.3	0.0264269
8000	15.4	0.0508	71.3	0.0264269
200	15.4	0.0508	55.5	0.0271925
250	15.4	0.0508	55.5	0.0271925
315	15.4	0.0508	55.5	0.0271925
400	15.4	0.0508	55.5	0.0271925
500	15.4	0.0508	55.5	0.0271925
630	15.4	0.0508	55.5	0.0271925
800	15.4	0.0508	55.5	0.0271925
1000	15.4	0.0508	55.5	0.0271925
1250	15.4	0.0508	55.5	0.0271925
1600	15.4	0.0508	55.5	0.0271925
2000	15.4	0.0508	55.5	0.0271925
2500	15.4	0.0508	55.5	0.0271925
3150	15.4	0.0508	55.5	0.0271925
4000	15.4	0.0508	55.5	0.0271925
5000	15.4	0.0508	55.5	0.0271925
6300	15.4	0.0508	55.5	0.0271925
200	15.4	0.0508	39.6	0.0282593
250	15.4	0.0508	39.6	0.0282593
315	15.4	0.0508	39.6	0.0282593
400	15.4	0.0508	39.6	0.0282593
500	15.4	0.0508	39.6	0.0282593
630	15.4	0.0508	39.6	0.0282593
800	15.4	0.0508	39.6	0.0282593
1000	15.4	0.0508	39.6	0.0282593
1250	15.4	0.0508	39.6	0.0282593
1600	15.4	0.0508	39.6	0.0282593
2000	15.4	0.0508	39.6	0.0282593
2500	15.4	0.0508	39.6	0.0282593
3150	15.4	0.0508	39.6	0.0282593
4000	15.4	0.0508	39.6	0.0282593
5000	15.4	0.0508	39.6	0.0282593
6300	15.4	0.0508	39.6	0.0282593
200	15.4	0.0508	31.7	0.0289853
250	15.4	0.0508	31.7	0.0289853
315	15.4	0.0508	31.7	0.0289853
400	15.4	0.0508	31.7	0.0289853
500	15.4	0.0508	31.7	0.0289853
630	15.4	0.0508	31.7	0.0289853
800	15.4	0.0508	31.7	0.0289853
1000	15.4	0.0508	31.7	0.0289853
1250	15.4	0.0508	31.7	0.0289853
1600	15.4	0.0508	31.7	0.0289853
2000	15.4	0.0508	31.7	0.0289853
2500	15.4	0.0508	31.7	0.0289853
3150	15.4	0.0508	31.7	0.0289853
4000	15.4	0.0508	31.7	0.0289853
5000	15.4	0.0508	31.7	0.0289853
6300	15.4	0.0508	31.7	0.0289853
200	19.7	0.0508	71.3	0.0341183
250	19.7	0.0508	71.3	0.0341183
315	19.7	0.0508	71.3	0.0341183
400	19.7	0.0508	71.3	0.0341183
500	19.7	0.0508	71.3	0.0341183
630	19.7	0.0508	71.3	0.0341183
800	19.7	0.0508	71.3	0.0341183
1000	19.7	0.0508	71.3	0.0341183
1250	19.7	0.0508	71.3	0.0341183
1600	19.7	0.0508	71.3	0.0341183
2000	19.7	0.0508	71.3	0.0341183
2500	19.7	0.0508	71.3	0.0341183
3150	19.7	0.0508	71.3	0.0341183
4000	19.7	0.0508	71.3	0.0341183
200	19.7	0.0508	39.6	0.036484
250	19.7	0.0508	39.6	0.036484
315	19.7	0.0508	39.6	0.036484
400	19.7	0.0508	39.6	0.036484
500	19.7	0.0508	39.6	0.036484
630	19.7	0.0508	39.6	0.036484
800	19.7	0.0508	39.6	0.036484
1000	19.7	0.0508	39.6	0.036484
1250	19.7	0.0508	39.6	0.036484
1600	19.7	0.0508	39.6	0.036484
2000	19.7	0.0508	39.6	0.036484
2500	19.7	0.0508	39.6	0.036484
3150	19.7	0.0508	39.6	0.036484
4000	19.7	0.0508	39.6	0.036484
2500	0	0.0254	71.3	0.000400682
3150	0	0.0254	71.3	0.000400682
4000	0	0.0254	71.3	0.000400682
5000	0	0.0254	71.3	0.000400682
6300	0	0.0254	71.3	0.000400682
8000	0	0.0254	71.3	0.000400682
10000	0	0.0254	71.3	0.000400682
12500	0	0.0254	71.3	0.000400682
16000	0	0.0254	71.3	0.000400682
20000	0	0.0254	71.3	0.000400682
2000	0	0.0254	55.5	0.00041229
2500	0	0.0254	55.5	0.00041229
3150	0	0.0254	55.5	0.00041229
4000	0	0.0254	55.5	0.00041229
5000	0	0.0254	55.5	0.00041229
6300	0	0.0254	55.5	0.00041229
8000	0	0.0254	55.5	0.00041229
10000	0	0.0254	55.5	0.00041229
12500	0	0.0254	55.5	0.00041229
16000	0	0.0254	55.5	0.00041229
20000	0	0.0254	55.5	0.00041229
1600	0	0.0254	39.6	0.000428464
2000	0	0.0254	39.6	0.000428464
2500	0	0.0254	39.6	0.000428464
3150	0	0.0254	39.6	0.000428464
4000	0	0.0254	39.6	0.000428464
5000	0	0.0254	39.6	0.000428464
6300	0	0.0254	39.6	0.000428464
8000	0	0.0254	39.6	0.000428464
10000	0	0.0254	39.6	0.000428464
12500	0	0.0254	39.6	0.000428464
16000	0	0.0254	39.6	0.000428464
1000	0	0.0254	31.7	0.000439472
1250	0	0.0254	31.7	0.000439472
1600	0	0.0254	31.7	0.000439472
2000	0	0.0254	31.7	0.000439472
2500	0	0.0254	31.7	0.000439472
3150	0	0.0254	31.7	0.000439472
4000	0	0.0254	31.7	0.000439472
5000	0	0.0254	31.7	0.000439472
6300	0	0.0254	31.7	0.000439472
8000	0	0.0254	31.7	0.000439472
10000	0	0.0254	31.7	0.000439472
12500	0	0.0254	31.7	0.000439472
16000	0	0.0254	31.7	0.000439472
2000	4.8	0.0254	71.3	0.000848633
2500	4.8	0.0254	71.3	0.000848633
3150	4.8	0.0254	71.3	0.000848633
4000	4.8	0.0254	71.3	0.000848633
5000	4.8	0.0254	71.3	0.000848633
6300	4.8	0.0254	71.3	0.000848633
8000	4.8	0.0254	71.3	0.000848633
10000	4.8	0.0254	71.3	0.000848633
12500	4.8	0.0254	71.3	0.000848633
16000	4.8	0.0254	71.3	0.000848633
20000	4.8	0.0254	71.3	0.000848633
1600	4.8	0.0254	55.5	0.000873218
2000	4.8	0.0254	55.5	0.000873218
2500	4.8	0.0254	55.5	0.000873218
3150	4.8	0.0254	55.5	0.000873218
4000	4.8	0.0254	55.5	0.000873218
5000	4.8	0.0254	55.5	0.000873218
6300	4.8	0.0254	55.5	0.000873218
8000	4.8	0.0254	55.5	0.000873218
10000	4.8	0.0254	55.5	0.000873218
12500	4.8	0.0254	55.5	0.000873218
16000	4.8	0.0254	55.5	0.000873218
20000	4.8	0.0254	55.5	0.000873218
500	4.8	0.0254	39.6	0.000907475
630	4.8	0.0254	39.6	0.000907475
800	4.8	0.0254	39.6	0.000907475
1000	4.8	0.0254	39.6	0.000907475
1250	4.8	0.0254	39.6	0.000907475
1600	4.8	0.0254	39.6	0.000907475
2000	4.8	0.0254	39.6	0.000907475
2500	4.8	0.0254	39.6	0.000907475
3150	4.8	0.0254	39.6	0.000907475
4000	4.8	0.0254	39.6	0.000907475
5000	4.8	0.0254	39.6	0.000907475
6300	4.8	0.0254	39.6	0.000907475
8000	4.8	0.0254	39.6	0.000907475
10000	4.8	0.0254	39.6	0.000907475
500	4.8	0.0254	31.7	0.000930789
630	4.8	0.0254	31.7	0.000930789
800	4.8	0.0254	31.7	0.000930789
1000	4.8	0.0254	31.7	0.000930789
1250	4.8	0.0254	31.7	0.000930789
1600	4.8	0.0254	31.7	0.000930789
2000	4.8	0.0254	31.7	0.000930789
2500	4.8	0.0254	31.7	0.000930789
3150	4.8	0.0254	31.7	0.000930789
4000	4.8	0.0254	31.7	0.000930789
5000	4.8	0.0254	31.7	0.000930789
6300	4.8	0.0254	31.7	0.000930789
8000	4.8	0.0254	31.7	0.000930789
630	9.5	0.0254	71.3	0.00420654
800	9.5	0.0254	71.3	0.00420654
1000	9.5	0.0254	71.3	0.00420654
1250	9.5	0.0254	71.3	0.00420654
1600	9.5	0.0254	71.3	0.00420654
2000	9.5	0.0254	71.3	0.00420654
2500	9.5	0.0254	71.3	0.00420654
3150	9.5	0.0254	71.3	0.00420654
4000	9.5	0.0254	71.3	0.00420654
5000	9.5	0.0254	71.3	0.00420654
6300	9.5	0.0254	71.3	0.00420654
400	9.5	0.0254	55.5	0.0043284
500	9.5	0.0254	55.5	0.0043284
630	9.5	0.0254	55.5	0.0043284
800	9.5	0.0254	55.5	0.0043284
1000	9.5	0.0254	55.5	0.0043284
1250	9.5	0.0254	55.5	0.0043284
1600	9.5	0.0254	55.5	0.0043284
2000	9.5	0.0254	55.5	0.0043284
2500	9.5	0.0254	55.5	0.0043284
3150	9.5	0.0254	55.5	0.0043284
4000	9.5	0.0254	55.5	0.0043284
5000	9.5	0.0254	55.5	0.0043284
6300	9.5	0.0254	55.5	0.0043284
200	9.5	0.0254	39.6	0.00449821
250	9.5	0.0254	39.6	0.00449821
315	9.5	0.0254	39.6	0.00449821
400	9.5	0.0254	39.6	0.00449821
500	9.5	0.0254	39.6	0.00449821
630	9.5	0.0254	39.6	0.00449821
800	9.5	0.0254	39.6	0.00449821
1000	9.5	0.0254	39.6	0.00449821
1250	9.5	0.0254	39.6	0.00449821
1600	9.5	0.0254	39.6	0.00449821
2000	9.5	0.0254	39.6	0.00449821
2500	9.5	0.0254	39.6	0.00449821
3150	9.5	0.0254	39.6	0.00449821
4000	9.5	0.0254	39.6	0.00449821
5000	9.5	0.0254	39.6	0.00449821
6300	9.5	0.0254	39.6	0.00449821
200	9.5	0.0254	31.7	0.00461377
250	9.5	0.0254	31.7	0.00461377
315	9.5	0.0254	31.7	0.00461377
400	9.5	0.0254	31.7	0.00461377
500	9.5	0.0254	31.7	0.00461377
630	9.5	0.0254	31.7	0.00461377
800	9.5	0.0254	31.7	0.00461377
1000	9.5	0.0254	31.7	0.00461377
1250	9.5	0.0254	31.7	0.00461377
1600	9.5	0.0254	31.7	0.00461377
2000	9.5	0.0254	31.7	0.00461377
2500	9.5	0.0254	31.7	0.00461377
3150	9.5	0.0254	31.7	0.00461377
4000	9.5	0.0254	31.7	0.00461377
5000	9.5	0.0254	31.7	0.00461377
6300	9.5	0.0254	31.7	0.00461377
250	12.7	0.0254	71.3	0.0121808
315	12.7	0.0254	71.3	0.0121808
400	12.7	0.0254	71.3	0.0121808
500	12.7	0.0254	71.3	0.0121808
630	12.7	0.0254	71.3	0.0121808
800	12.7	0.0254	71.3	0.0121808
1000	12.7	0.0254	71.3	0.0121808
1250	12.7	0.0254	71.3	0.0121808
1600	12.7	0.0254	71.3	0.0121808
2000	12.7	0.0254	71.3	0.0121808
2500	12.7	0.0254	71.3	0.0121808
3150	12.7	0.0254	71.3	0.0121808
4000	12.7	0.0254	71.3	0.0121808
5000	12.7	0.0254	71.3	0.0121808
6300	12.7	0.0254	71.3	0.0121808
8000	12.7	0.0254	71.3	0.0121808
10000	12.7	0.0254	71.3	0.0121808
250	12.7	0.0254	39.6	0.0130253
315	12.7	0.0254	39.6	0.0130253
400	12.7	0.0254	39.6	0.0130253
500	12.7	0.0254	39.6	0.0130253
630	12.7	0.0254	39.6	0.0130253
800	12.7	0.0254	39.6	0.0130253
1000	12.7	0.0254	39.6	0.0130253
1250	12.7	0.0254	39.6	0.0130253
1600	12.7	0.0254	39.6	0.0130253
2000	12.7	0.0254	39.6	0.0130253
2500	12.7	0.0254	39.6	0.0130253
3150	12.7	0.0254	39.6	0.0130253
4000	12.7	0.0254	39.6	0.0130253
5000	12.7	0.0254	39.6	0.0130253
6300	12.7	0.0254	39.6	0.0130253
8000	12.7	0.0254	39.6	0.0130253
10000	12.7	0.0254	39.6	0.0130253
200	17.4	0.0254	71.3	0.016104
250	17.4	0.0254	71.3	0.016104
315	17.4	0.0254	71.3	0.016104
400	17.4	0.0254	71.3	0.016104
500	17.4	0.0254	71.3	0.016104
630	17.4	0.0254	71.3	0.016104
800	17.4	0.0254	71.3	0.016104
1000	17.4	0.0254	71.3	0.016104
1250	17.4	0.0254	71.3	0.016104
1600	17.4	0.0254	71.3	0.016104
2000	17.4	0.0254	71.3	0.016104
2500	17.4	0.0254	71.3	0.016104
3150	17.4	0.0254	71.3	0.016104
4000	17.4	0.0254	71.3	0.016104
5000	17.4	0.0254	71.3	0.016104
6300	17.4	0.0254	71.3	0.016104
8000	17.4	0.0254	71.3	0.016104
200	17.4	0.0254	55.5	0.0165706
250	17.4	0.0254	55.5	0.0165706
315	17.4	0.0254	55.5	0.0165706
400	17.4	0.0254	55.5	0.0165706
500	17.4	0.0254	55.5	0.0165706
630	17.4	0.0254	55.5	0.0165706
800	17.4	0.0254	55.5	0.0165706
1000	17.4	0.0254	55.5	0.0165706
1250	17.4	0.0254	55.5	0.0165706
1600	17.4	0.0254	55.5	0.0165706
2000	17.4	0.0254	55.5	0.0165706
2500	17.4	0.0254	55.5	0.0165706
3150	17.4	0.0254	55.5	0.0165706
4000	17.4	0.0254	55.5	0.0165706
5000	17.4	0.0254	55.5	0.0165706
6300	17.4	0.0254	55.5	0.0165706
200	17.4	0.0254	39.6	0.0172206
250	17.4	0.0254	39.6	0.0172206
315	17.4	0.0254	39.6	0.0172206
400	17.4	0.0254	39.6	0.0172206
500	17.4	0.0254	39.6	0.0172206
630	17.4	0.0254	39.6	0.0172206
800	17.4	0.0254	39.6	0.0172206
1000	17.4	0.0254	39.6	0.0172206
1250	17.4	0.0254	39.6	0.0172206
1600	17.4	0.0254	39.6	0.0172206
2000	17.4	0.0254	39.6	0.0172206
2500	17.4	0.0254	39.6	0.0172206
3150	17.4	0.0254	39.6	0.0172206
4000	17.4	0.0254	39.6	0.0172206
5000	17.4	0.0254	39.6	0.0172206
200	17.4	0.0254	31.7	0.0176631
250	17.4	0.0254	31.7	0.0176631
315	17.4	0.0254	31.7	0.0176631
400	17.4	0.0254	31.7	0.0176631
500	17.4	0.0254	31.7	0.0176631
630	17.4	0.0254	31.7	0.0176631
800	17.4	0.0254	31.7	0.0176631
1000	17.4	0.0254	31.7	0.0176631
1250	17.4	0.0254	31.7	0.0176631
1600	17.4	0.0254	31.7	0.0176631
2000	17.4	0.0254	31.7	0.0176631
2500	17.4	0.0254	31.7	0.0176631
3150	17.4	0.0254	31.7	0.0176631
4000	17.4	0.0254	31.7	0.0176631
5000	17.4	0.0254	31.7	0.0176631
315	22.2	0.0254	71.3	0.0214178
400	22.2	0.0254	71.3	0.0214178
500	22.2	0.0254	71.3	0.0214178
630	22.2	0.0254	71.3	0.0214178
800	22.2	0.0254	71.3	0.0214178
1000	22.2	0.0254	71.3	0.0214178
1250	22.2	0.0254	71.3	0.0214178
1600	22.2	0.0254	71.3	0.0214178
2000	22.2	0.0254	71.3	0.0214178
2500	22.2	0.0254	71.3	0.0214178
3150	22.2	0.0254	71.3	0.0214178
4000	22.2	0.0254	71.3	0.0214178
5000	22.2	0.0254	71.3	0.0214178
6300	22.2	0.0254	71.3	0.0214178
8000	22.2	0.0254	71.3	0.0214178
200	22.2	0.0254	39.6	0.0229028
250	22.2	0.0254	39.6	0.0229028
315	22.2	0.0254	39.6	0.0229028
400	22.2	0.0254	39.6	0.0229028
500	22.2	0.0254	39.6	0.0229028
630	22.2	0.0254	39.6	0.0229028
800	22.2	0.0254	39.6	0.0229028
1000	22.2	0.0254	39.6	0.0229028
1250	22.2	0.0254	39.6	0.0229028
1600	22.2	0.0254	39.6	0.0229028
2000	22.2	0.0254	39.6	0.0229028
2500	22.2	0.0254	39.6	0.0229028
3150	22.2	0.0254	39.6	0.0229028
4000	22.2	0.0254	39.6	0.0229028
5000	22.2	0.0254	39.6	0.0229028
630	0	0.1016	71.3	0.00121072
800	0	0.1016	71.3	0.00121072
1000	0	0.1016	71.3	0.00121072
1250	0	0.1016	71.3	0.00121072
1600	0	0.1016	71.3	0.00121072
2000	0	0.1016	71.3	0.00121072
2500	0	0.1016	71.3	0.00121072
3150	0	0.1016	71.3	0.00121072
4000	0	0.1016	71.3	0.00121072
5000	0	0.1016	71.3	0.00121072
6300	0	0.1016	71.3	0.00121072
8000	0	0.1016	71.3	0.00121072
10000	0	0.1016	71.3	0.00121072
12500	0	0.1016	71.3	0.00121072
630	0	0.1016	55.5	0.00131983
800	0	0.1016	55.5	0.00131983
1000	0	0.1016	55.5	0.00131983
1250	0	0.1016	55.5	0.00131983
1600	0	0.1016	55.5	0.00131983
2000	0	0.1016	55.5	0.00131983
2500	0	0.1016	55.5	0.00131983
3150	0	0.1016	55.5	0.00131983
4000	0	0.1016	55.5	0.00131983
5000	0	0.1016	55.5	0.00131983
6300	0	0.1016	55.5	0.00131983
8000	0	0.1016	55.5	0.00131983
10000	0	0.1016	55.5	0.00131983
12500	0	0.1016	55.5	0.00131983
630	0	0.1016	39.6	0.00146332
800	0	0.1016	39.6	0.00146332
1000	0	0.1016	39.6	0.00146332
1250	0	0.1016	39.6	0.00146332
1600	0	0.1016	39.6	0.00146332
2000	0	0.1016	39.6	0.00146332
2500	0	0.1016	39.6	0.00146332
3150	0	0.1016	39.6	0.00146332
4000	0	0.1016	39.6	0.00146332
5000	0	0.1016	39.6	0.00146332
6300	0	0.1016	39.6	0.00146332
8000	0	0.1016	39.6	0.00146332
10000	0	0.1016	39.6	0.00146332
630	0	0.1016	31.7	0.00150092
800	0	0.1016	31.7	0.00150092
1000	0	0.1016	31.7	0.00150092
1250	0	0.1016	31.7	0.00150092
1600	0	0.1016	31.7	0.00150092
2000	0	0.1016	31.7	0.00150092
2500	0	0.1016	31.7	0.00150092
3150	0	0.1016	31.7	0.00150092
4000	0	0.1016	31.7	0.00150092
5000	0	0.1016	31.7	0.00150092
6300	0	0.1016	31.7	0.00150092
8000	0	0.1016	31.7	0.00150092
10000	0	0.1016	31.7	0.00150092
800	3.3	0.1016	71.3	0.00202822
1000	3.3	0.1016	71.3	0.00202822
1250	3.3	0.1016	71.3	0.00202822
1600	3.3	0.1016	71.3	0.00202822
2000	3.3	0.1016	71.3	0.00202822
2500	3.3	0.1016	71.3	0.00202822
3150	3.3	0.1016	71.3	0.00202822
4000	3.3	0.1016	71.3	0.00202822
5000	3.3	0.1016	71.3	0.00202822
6300	3.3	0.1016	71.3	0.00202822
8000	3.3	0.1016	71.3	0.00202822
10000	3.3	0.1016	71.3	0.00202822
630	3.3	0.1016	55.5	0.002211
800	3.3	0.1016	55.5	0.002211
1000	3.3	0.1016	55.5	0.002211
1250	3.3	0.1016	55.5	0.002211
1600	3.3	0.1016	55.5	0.002211
2000	3.3	0.1016	55.5	0.002211
2500	3.3	0.1016	55.5	0.002211
3150	3.3	0.1016	55.5	0.002211
4000	3.3	0.1016	55.5	0.002211
5000	3.3	0.1016	55.5	0.002211
6300	3.3	0.1016	55.5	0.002211
8000	3.3	0.1016	55.5	0.002211
10000	3.3	0.1016	55.5	0.002211
630	3.3	0.1016	39.6	0.00245138
800	3.3	0.1016	39.6	0.00245138
1000	3.3	0.1016	39.6	0.00245138
1250	3.3	0.1016	39.6	0.00245138
1600	3.3	0.1016	39.6	0.00245138
2000	3.3	0.1016	39.6	0.00245138
2500	3.3	0.1016	39.6	0.00245138
3150	3.3	0.1016	39.6	0.00245138
4000	3.3	0.1016	39.6	0.00245138
5000	3.3	0.1016	39.6	0.00245138
6300	3.3	0.1016	39.6	0.00245138
8000	3.3	0.1016	39.6	0.00245138
10000	3.3	0.1016	39.6	0.00245138
630	3.3	0.1016	31.7	0.00251435
800	3.3	0.1016	31.7	0.00251435
1000	3.3	0.1016	31.7	0.00251435
1250	3.3	0.1016	31.7	0.00251435
1600	3.3	0.1016	31.7	0.00251435
2000	3.3	0.1016	31.7	0.00251435
2500	3.3	0.1016	31.7	0.00251435
3150	3.3	0.1016	31.7	0.00251435
4000	3.3	0.1016	31.7	0.00251435
5000	3.3	0.1016	31.7	0.00251435
6300	3.3	0.1016	31.7	0.00251435
8000	3.3	0.1016	31.7	0.00251435
630	6.7	0.1016	71.3	0.00478288
800	6.7	0.1016	71.3	0.00478288
1000	6.7	0.1016	71.3	0.00478288
1250	6.7	0.1016	71.3	0.00478288
1600	6.7	0.1016	71.3	0.00478288
2000	6.7	0.1016	71.3	0.00478288
2500	6.7	0.1016	71.3	0.00478288
3150	6.7	0.1016	71.3	0.00478288
500	6.7	0.1016	55.5	0.0052139
630	6.7	0.1016	55.5	0.0052139
800	6.7	0.1016	55.5	0.0052139
1000	6.7	0.1016	55.5	0.0052139
1250	6.7	0.1016	55.5	0.0052139
1600	6.7	0.1016	55.5	0.0052139
2000	6.7	0.1016	55.5	0.0052139
2500	6.7	0.1016	55.5	0.0052139
400	6.7	0.1016	39.6	0.00578076
500	6.7	0.1016	39.6	0.00578076
630	6.7	0.1016	39.6	0.00578076
800	6.7	0.1016	39.6	0.00578076
1000	6.7	0.1016	39.6	0.00578076
1250	6.7	0.1016	39.6	0.00578076
1600	6.7	0.1016	39.6	0.00578076
2000	6.7	0.1016	39.6	0.00578076
315	6.7	0.1016	31.7	0.00592927
400	6.7	0.1016	31.7	0.00592927
500	6.7	0.1016	31.7	0.00592927
630	6.7	0.1016	31.7	0.00592927
800	6.7	0.1016	31.7	0.00592927
1000	6.7	0.1016	31.7	0.00592927
1250	6.7	0.1016	31.7	0.00592927
1600	6.7	0.1016	31.7	0.00592927
2000	6.7	0.1016	31.7	0.00592927
200	8.9	0.1016	71.3	0.0103088
250	8.9	0.1016	71.3	0.0103088
315	8.9	0.1016	71.3	0.0103088
400	8.9	0.1016	71.3	0.0103088
500	8.9	0.1016	71.3	0.0103088
630	8.9	0.1016	71.3	0.0103088
800	8.9	0.1016	71.3	0.0103088
1000	8.9	0.1016	71.3	0.0103088
1250	8.9	0.1016	71.3	0.0103088
1600	8.9	0.1016	71.3	0.0103088
2000	8.9	0.1016	71.3	0.0103088
2500	8.9	0.1016	71.3	0.0103088
3150	8.9	0.1016	71.3	0.0103088
4000	8.9	0.1016	71.3	0.0103088
5000	8.9	0.1016	71.3	0.0103088
6300	8.9	0.1016	71.3	0.0103088
200	8.9	0.1016	39.6	0.0124596
250	8.9	0.1016	39.6	0.0124596
315	8.9	0.1016	39.6	0.0124596
400	8.9	0.1016	39.6	0.0124596
500	8.9	0.1016	39.6	0.0124596
630	8.9	0.1016	39.6	0.0124596
800	8.9	0.1016	39.6	0.0124596
1000	8.9	0.1016	39.6	0.0124596
1250	8.9	0.1016	39.6	0.0124596
1600	8.9	0.1016	39.6	0.0124596
2000	8.9	0.1016	39.6	0.0124596
2500	8.9	0.1016	39.6	0.0124596
3150	8.9	0.1016	39.6	0.0124596
4000	8.9	0.1016	39.6	0.0124596
5000	8.9	0.1016	39.6	0.0124596
6300	8.9	0.1016	39.6	0.0124596
200	12.3	0.1016	71.3	0.0337792
250	12.3	0.1016	71.3	0.0337792
315	12.3	0.1016	71.3	0.0337792
400	12.3	0.1016	71.3	0.0337792
500	12.3	0.1016	71.3	0.0337792
630	12.3	0.1016	71.3	0.0337792
800	12.3	0.1016	71.3	0.0337792
1000	12.3	0.1016	71.3	0.0337792
1250	12.3	0.1016	71.3	0.0337792
1600	12.3	0.1016	71.3	0.0337792
2000	12.3	0.1016	71.3	0.0337792
2500	12.3	0.1016	71.3	0.0337792
3150	12.3	0.1016	71.3	0.0337792
4000	12.3	0.1016	71.3	0.0337792
5000	12.3	0.1016	71.3	0.0337792
6300	12.3	0.1016	71.3	0.0337792
200	12.3	0.1016	55.5	0.0368233
250	12.3	0.1016	55.5	0.0368233
315	12.3	0.1016	55.5	0.0368233
400	12.3	0.1016	55.5	0.0368233
500	12.3	0.1016	55.5	0.0368233
630	12.3	0.1016	55.5	0.0368233
800	12.3	0.1016	55.5	0.0368233
1000	12.3	0.1016	55.5	0.0368233
1250	12.3	0.1016	55.5	0.0368233
1600	12.3	0.1016	55.5	0.0368233
2000	12.3	0.1016	55.5	0.0368233
2500	12.3	0.1016	55.5	0.0368233
3150	12.3	0.1016	55.5	0.0368233
4000	12.3	0.1016	55.5	0.0368233
5000	12.3	0.1016	55.5	0.0368233
6300	12.3	0.1016	55.5	0.0368233
200	12.3	0.1016	39.6	0.0408268
250	12.3	0.1016	39.6	0.0408268
315	12.3	0.1016	39.6	0.0408268
400	12.3	0.1016	39.6	0.0408268
500	12.3	0.1016	39.6	0.0408268
630	12.3	0.1016	39.6	0.0408268
800	12.3	0.1016	39.6	0.0408268
1000	12.3	0.1016	39.6	0.0408268
1250	12.3	0.1016	39.6	0.0408268
1600	12.3	0.1016	39.6	0.0408268
2000	12.3	0.1016	39.6	0.0408268
2500	12.3	0.1016	39.6	0.0408268
3150	12.3	0.1016	39.6	0.0408268
4000	12.3	0.1016	39.6	0.0408268
5000	12.3	0.1016	39.6	0.0408268
6300	12.3	0.1016	39.6	0.0408268
200	12.3	0.1016	31.7	0.0418756
250	12.3	0.1016	31.7	0.0418756
315	12.3	0.1016	31.7	0.0418756
400	12.3	0.1016	31.7	0.0418756
500	12.3	0.1016	31.7	0.0418756
630	12.3	0.1016	31.7	0.0418756
800	12.3	0.1016	31.7	0.0418756
1000	12.3	0.1016	31.7	0.0418756
1250	12.3	0.1016	31.7	0.0418756
1600	12.3	0.1016	31.7	0.0418756
2000	12.3	0.1016	31.7	0.0418756
2500	12.3	0.1016	31.7	0.0418756
3150	12.3	0.1016	31.7	0.0418756
4000	12.3	0.1016	31.7	0.0418756
5000	12.3	0.1016	31.7	0.0418756
6300	12.3	0.1016	31.7	0.0418756
200	15.6	0.1016	71.3	0.0437259
250	15.6	0.1016	71.3	0.0437259
315	15.6	0.1016	71.3	0.0437259
400	15.6	0.1016	71.3	0.0437259
500	15.6	0.1016	71.3	0.0437259
630	15.6	0.1016	71.3	0.0437259
800	15.6	0.1016	71.3	0.0437259
1000	15.6	0.1016	71.3	0.0437259
1250	15.6	0.1016	71.3	0.0437259
1600	15.6	0.1016	71.3	0.0437259
2000	15.6	0.1016	71.3	0.0437259
2500	15.6	0.1016	71.3	0.0437259
3150	15.6	0.1016	71.3	0.0437259
4000	15.6	0.1016	71.3	0.0437259
200	15.6	0.1016	39.6	0.0528487
250	15.6	0.1016	39.6	0.0528487
315	15.6	0.1016	39.6	0.0528487
400	15.6	0.1016	39.6	0.0528487
500	15.6	0.1016	39.6	0.0528487
630	15.6	0.1016	39.6	0.0528487
800	15.6	0.1016	39.6	0.0528487
1000	15.6	0.1016	39.6	0.0528487
1250	15.6	0.1016	39.6	0.0528487
1600	15.6	0.1016	39.6	0.0528487
2000	15.6	0.1016	39.6	0.0528487
2500	15.6	0.1016	39.6	0.0528487
3150	15.6	0.1016	39.6	0.0528487
4000	15.6	0.1016	39.6	0.0528487
5000	15.6	0.1016	39.6	0.0528487
6300	15.6	0.1016	39.6	0.0528487

126.201000
125.201000
125.951000
127.591000
127.461000
125.571000
125.201000
123.061000
121.301000
119.541000
117.151000
115.391000
112.241000
108.721000
126.416000
127.696000
128.086000
126.966000
126.086000
126.986000
126.616000
124.106000
123.236000
121.106000
119.606000
117.976000
116.476000
113.076000
111.076000
118.129000
119.319000
122.779000
124.809000
126.959000
128.629000
129.099000
127.899000
125.499000
124.049000
123.689000
121.399000
120.319000
119.229000
117.789000
116.229000
114.779000
112.139000
109.619000
117.195000
118.595000
122.765000
125.045000
127.315000
129.095000
129.235000
127.365000
124.355000
122.365000
122.375000
120.755000
119.135000
118.145000
115.645000
113.775000
110.515000
108.265000
127.122000
125.992000
125.872000
126.632000
126.642000
124.512000
123.392000
121.762000
119.632000
118.122000
115.372000
113.492000
109.222000
106.582000
121.851000
124.001000
126.661000
128.311000
128.831000
127.581000
125.211000
122.211000
122.101000
120.981000
119.111000
117.741000
116.241000
114.751000
112.251000
108.991000
106.111000
127.564000
128.454000
129.354000
129.494000
129.004000
127.634000
126.514000
125.524000
124.024000
121.514000
120.264000
118.134000
116.134000
114.634000
110.224000
126.159000
128.179000
129.569000
129.949000
129.329000
127.329000
124.439000
123.069000
122.439000
120.189000
118.689000
117.309000
115.679000
113.799000
112.169000
123.312000
125.472000
127.632000
129.292000
129.552000
128.312000
125.802000
122.782000
120.532000
120.162000
118.922000
116.792000
115.792000
114.042000
110.652000
123.118000
125.398000
127.548000
128.698000
128.708000
126.838000
124.838000
122.088000
120.088000
119.598000
118.108000
115.608000
113.858000
109.718000
126.395000
128.175000
129.575000
130.715000
131.615000
131.755000
131.015000
129.395000
126.645000
124.395000
123.775000
121.775000
119.535000
117.785000
116.165000
113.665000
110.905000
107.405000
123.543000
126.843000
128.633000
130.173000
131.073000
130.723000
128.723000
126.343000
123.213000
120.963000
120.233000
118.743000
115.863000
113.733000
128.144000
129.134000
128.244000
128.354000
127.834000
125.824000
124.304000
122.044000
118.024000
118.134000
117.624000
114.984000
114.474000
119.540000
121.660000
123.780000
126.160000
127.530000
128.290000
127.910000
126.790000
126.540000
126.540000
125.160000
123.410000
122.410000
118.410000
121.055000
123.565000
126.195000
128.705000
130.205000
130.435000
129.395000
127.095000
125.305000
125.025000
124.625000
123.465000
122.175000
117.465000
120.595000
123.635000
126.675000
129.465000
130.725000
130.595000
128.805000
125.625000
123.455000
123.445000
123.445000
122.035000
120.505000
116.815000
125.116000
126.486000
127.356000
128.216000
128.956000
128.816000
127.796000
126.896000
127.006000
126.116000
124.086000
122.816000
120.786000
115.996000
113.086000
122.292000
124.692000
126.842000
128.492000
129.002000
128.762000
126.752000
124.612000
123.862000
123.742000
122.232000
120.472000
118.712000
120.137000
122.147000
125.157000
127.417000
129.037000
129.147000
128.257000
125.837000
122.797000
121.397000
121.627000
120.227000
118.827000
116.417000
120.147000
123.417000
126.677000
129.057000
130.307000
130.307000
128.677000
125.797000
123.037000
121.407000
121.527000
120.527000
118.267000
115.137000
126.758000
129.038000
130.688000
131.708000
131.718000
129.468000
126.218000
124.338000
124.108000
121.728000
121.118000
118.618000
112.848000
113.108000
114.258000
112.768000
109.638000
123.274000
127.314000
129.964000
131.864000
132.134000
131.264000
128.264000
124.254000
122.384000
122.394000
120.654000
120.034000
117.154000
112.524000
122.229000
123.879000
127.039000
129.579000
130.469000
129.969000
128.339000
125.319000
121.659000
119.649000
120.419000
119.159000
117.649000
114.249000
113.129000
120.189000
123.609000
126.149000
128.939000
130.349000
130.869000
129.869000
128.119000
125.229000
122.089000
120.209000
120.229000
118.859000
115.969000
112.699000
127.700000
129.880000
131.800000
133.480000
134.000000
133.380000
130.460000
125.890000
123.740000
123.120000
120.330000
118.050000
116.920000
114.900000
111.350000
127.011000
129.691000
131.221000
132.251000
132.011000
129.491000
125.581000
125.721000
123.081000
117.911000
116.151000
118.441000
115.801000
115.311000
112.541000
138.758000
139.918000
139.808000
139.438000
136.798000
133.768000
130.748000
126.838000
127.358000
125.728000
122.708000
122.088000
120.458000
119.208000
115.298000
115.818000
135.234000
136.384000
136.284000
135.924000
133.174000
130.934000
128.444000
125.194000
125.724000
123.354000
120.354000
118.994000
117.134000
117.284000
113.144000
111.534000
130.989000
131.889000
132.149000
132.039000
130.299000
128.929000
126.299000
122.539000
123.189000
121.059000
117.809000
116.559000
114.309000
114.079000
111.959000
110.839000
128.679000
130.089000
130.239000
130.269000
128.169000
126.189000
123.209000
119.099000
120.509000
119.039000
115.309000
114.709000
113.229000
112.639000
111.029000
110.689000
125.817000
127.307000
128.927000
129.667000
128.647000
128.127000
129.377000
128.857000
126.457000
125.427000
122.527000
120.247000
117.087000
113.297000
120.573000
123.583000
126.713000
128.583000
129.953000
130.183000
129.673000
127.763000
127.753000
127.233000
125.203000
123.303000
121.903000
119.253000
117.093000
112.803000
119.513000
124.403000
127.903000
130.033000
131.023000
131.013000
129.633000
126.863000
125.603000
125.343000
123.453000
121.313000
120.553000
115.413000
121.617000
125.997000
129.117000
130.987000
131.467000
130.817000
128.907000
125.867000
124.207000
123.807000
122.397000
119.737000
117.957000
127.404000
127.394000
128.774000
130.144000
130.644000
130.114000
128.334000
127.054000
126.534000
124.364000
121.944000
120.534000
116.724000
113.034000
110.364000
121.009000
125.809000
128.829000
130.589000
130.829000
130.049000
128.139000
125.589000
122.919000
121.889000
121.499000
119.209000
116.659000
112.589000
108.649000
124.121000
126.291000
128.971000
131.281000
133.201000
134.111000
133.241000
131.111000
127.591000
123.311000
121.431000
120.061000
116.411000
126.807000
129.367000
131.807000
133.097000
132.127000
130.777000
130.567000
128.707000
124.077000
121.587000
119.737000
118.757000
117.287000
114.927000
125.347000
127.637000
129.937000
132.357000
132.757000
130.507000
127.117000
126.267000
124.647000
120.497000
119.137000
117.137000
117.037000
116.677000
125.741000
127.781000
129.681000
131.471000
131.491000
128.241000
123.991000
123.761000
122.771000
119.151000
118.291000
116.181000
115.691000
115.591000
128.713000
130.123000
132.043000
134.853000
136.023000
134.273000
132.513000
130.893000
128.643000
124.353000
116.783000
119.343000
118.343000
116.603000
113.333000
110.313000
127.488000
130.558000
132.118000
132.658000
133.198000
132.358000
128.338000
122.428000
120.058000
120.228000
117.478000
111.818000
114.258000
113.288000
112.688000
111.588000
110.868000
134.319000
135.329000
135.459000
135.079000
131.279000
129.889000
128.879000
126.349000
122.679000
121.789000
120.779000
119.639000
116.849000
115.079000
114.569000
112.039000
131.955000
133.235000
132.355000
131.605000
127.815000
127.315000
126.565000
124.665000
121.635000
119.875000
119.505000
118.365000
115.085000
112.945000
112.065000
110.555000
127.315000
128.335000
128.595000
128.345000
126.835000
126.465000
126.345000
123.835000
120.555000
118.545000
117.925000
116.295000
113.525000
112.265000
111.135000
109.885000
127.299000
128.559000
128.809000
128.939000
127.179000
126.049000
125.539000
122.149000
118.619000
117.119000
116.859000
114.729000
112.209000
111.459000
109.949000
108.689000
128.354000
129.744000
128.484000
127.094000
121.664000
123.304000
123.054000
122.044000
120.154000
120.534000
117.504000
115.234000
113.334000
108.034000
108.034000
107.284000
114.750000
115.890000
116.020000
115.910000
114.900000
116.550000
116.560000
114.670000
112.160000
110.780000
109.520000
106.880000
106.260000
104.500000
104.130000
103.380000
130.960000
129.450000
128.560000
129.680000
131.060000
131.310000
135.070000
134.430000
134.430000
133.040000
130.890000
128.740000
125.220000
124.336000
125.586000
127.076000
128.576000
131.456000
133.956000
134.826000
134.946000
134.556000
132.796000
130.156000
127.636000
125.376000
126.508000
127.638000
129.148000
130.908000
132.918000
134.938000
135.938000
135.308000
134.308000
131.918000
128.518000
125.998000
123.988000
122.790000
126.780000
129.270000
131.010000
133.010000
134.870000
135.490000
134.110000
133.230000
130.340000
126.590000
122.450000
119.070000
124.318000
129.848000
131.978000
133.728000
133.598000
132.828000
129.308000
125.268000
121.238000
117.328000
125.647000
128.427000
130.197000
132.587000
133.847000
133.587000
131.807000
129.777000
125.717000
120.397000
116.967000
127.556000
129.946000
132.086000
133.846000
134.476000
134.226000
131.966000
126.926000
121.146000
121.582000
123.742000
126.152000
128.562000
130.722000
132.252000
133.032000
133.042000
131.542000
128.402000
122.612000
115.812000
120.015000
122.905000
126.045000
128.435000
130.195000
131.205000
130.965000
129.965000
127.465000
123.965000
118.955000
120.076000
122.966000
125.856000
128.246000
129.516000
130.156000
129.296000
127.686000
125.576000
122.086000
118.106000
125.941000
127.101000
128.381000
129.281000
130.311000
133.611000
136.031000
136.941000
136.191000
135.191000
133.311000
130.541000
127.141000
122.471000
125.010000
126.430000
128.990000
130.670000
131.960000
133.130000
133.790000
132.430000
130.050000
126.540000
124.420000
122.170000
119.670000
115.520000
123.595000
124.835000
126.195000
126.805000
127.285000
129.645000
131.515000
131.865000
130.845000
130.065000
129.285000
127.625000
125.715000
122.675000
119.135000
115.215000
112.675000
122.940000
124.170000
125.390000
126.500000
127.220000
129.330000
130.430000
130.400000
130.000000
128.200000
127.040000
125.630000
123.460000
120.920000
117.110000
112.930000
121.783000
122.893000
124.493000
125.353000
125.963000
127.443000
128.423000
127.893000
126.743000
124.843000
123.443000
122.413000
120.513000
118.113000
114.453000
109.663000
119.975000
121.225000
122.845000
123.705000
123.695000
124.685000
125.555000
124.525000
123.255000
121.485000
120.835000
119.945000
118.045000
115.635000
112.355000
108.185000
118.005000
119.115000
121.235000
123.865000
126.995000
128.365000
124.555000
121.885000
121.485000
120.575000
120.055000
118.385000
116.225000
113.045000
125.974000
127.224000
129.864000
130.614000
128.444000
120.324000
119.174000
118.904000
118.634000
117.604000
117.724000
116.184000
113.004000
108.684000
133.707000
137.007000
138.557000
136.837000
134.987000
129.867000
130.787000
133.207000
130.477000
123.217000
127.623000
130.073000
130.503000
133.223000
135.803000
136.103000
136.163000
134.563000
131.453000
125.683000
121.933000
124.156000
130.026000
131.836000
133.276000
135.346000
136.536000
136.826000
135.866000
133.376000
129.116000
124.986000
125.127000
127.947000
129.267000
130.697000
132.897000
135.227000
137.047000
138.607000
138.537000
137.207000
134.227000
128.977000
125.627000
128.398000
130.828000
133.378000
134.928000
135.468000
134.498000
131.518000
127.398000
127.688000
124.208000
119.708000
121.474000
125.054000
129.144000
132.354000
133.924000
135.484000
135.164000
132.184000
126.944000
125.094000
124.394000
121.284000
116.366000
118.696000
120.766000
122.956000
125.026000
125.966000
128.916000
131.236000
133.436000
134.996000
135.426000
134.336000
131.346000
126.066000
116.128000
120.078000
122.648000
125.348000
127.408000
128.718000
130.148000
132.588000
134.268000
135.328000
135.248000
132.898000
127.008000
125.726000
127.206000
129.556000
131.656000
133.756000
134.976000
135.956000
136.166000
134.236000
131.186000
127.246000
120.952000
123.082000
125.452000
128.082000
130.332000
132.202000
133.062000
134.052000
134.152000
133.252000
131.582000
128.412000
124.222000
116.074000
116.924000
119.294000
121.154000
123.894000
126.514000
129.014000
130.374000
130.964000
131.184000
131.274000
131.234000
129.934000
127.864000
125.044000
120.324000
119.146000
120.136000
122.766000
124.756000
126.886000
129.006000
130.746000
131.346000
131.446000
131.036000
130.496000
130.086000
128.536000
126.736000
124.426000
120.726000
119.698000
122.938000
125.048000
126.898000
128.878000
130.348000
131.698000
133.048000
134.528000
134.228000
134.058000
133.758000
131.808000
128.978000
125.398000
120.538000
114.418000
121.547000
123.537000
125.527000
127.127000
128.867000
130.217000
130.947000
130.777000
129.977000
129.567000
129.027000
127.847000
126.537000
125.107000
123.177000
120.607000
116.017000
112.506000
113.796000
115.846000
117.396000
119.806000
122.606000
124.276000
125.816000
126.356000
126.406000
126.826000
126.746000
126.536000
125.586000
123.126000
119.916000
115.466000
109.951000
110.491000
111.911000
115.461000
119.621000
122.411000
123.091000
126.001000
129.301000
126.471000
125.261000
124.931000
124.101000
121.771000
118.941000
114.861000
114.044000
114.714000
115.144000
115.444000
117.514000
124.514000
135.324000
138.274000
131.364000
127.614000
126.644000
124.154000
123.564000
122.724000
119.854000
116.146000
116.956000
118.416000
120.766000
127.676000
136.886000
139.226000
131.796000
128.306000
126.846000
124.356000
124.166000
123.466000
121.996000
117.996000
115.857000
117.927000
117.967000
120.657000
123.227000
134.247000
140.987000
131.817000
127.197000
126.097000
124.127000
123.917000
125.727000
123.127000
121.657000
116.066000
117.386000
120.716000
123.416000
129.776000
137.026000
137.076000
128.416000
126.446000
122.216000
121.256000
121.306000
120.856000
119.646000
118.816000
124.155000
126.805000
128.825000
130.335000
131.725000
132.095000
132.595000
131.955000
130.935000
130.795000
129.395000
125.465000
123.305000
119.375000
126.170000
127.920000
129.800000
131.430000
132.050000
132.540000
133.040000
131.780000
129.500000
128.360000
127.730000
124.450000
121.930000
119.910000
125.401000
128.401000
130.781000
132.271000
133.261000
133.251000
132.611000
130.961000
127.801000
126.021000
125.631000
122.341000
119.561000
126.413000
129.053000
131.313000
133.063000
133.553000
133.153000
132.003000
129.973000
126.933000
124.393000
124.253000
120.193000
115.893000
131.074000
131.434000
132.304000
133.664000
134.034000
133.894000
132.114000
128.704000
127.054000
124.904000
121.234000
116.694000
126.599000
129.119000
131.129000
132.769000
133.649000
133.649000
132.889000
130.629000
127.229000
124.839000
123.839000
120.569000
115.659000
127.251000
129.991000
131.971000
133.211000
133.071000
132.301000
130.791000
128.401000
124.881000
122.371000
120.851000
118.091000
115.321000
128.952000
131.362000
133.012000
134.022000
133.402000
131.642000
130.392000
128.252000
124.852000
122.082000
120.702000
117.432000
131.448000
134.478000
136.758000
137.658000
136.678000
134.568000
131.458000
124.458000
129.343000
133.023000
135.953000
137.233000
136.883000
133.653000
129.653000
124.273000
128.295000
130.955000
133.355000
134.625000
134.515000
132.395000
127.375000
122.235000
126.266000
128.296000
130.206000
132.116000
132.886000
131.636000
129.256000
124.346000
120.446000
133.503000
134.533000
136.583000
138.123000
138.523000
138.423000
137.813000
135.433000
132.793000
128.763000
124.233000
123.623000
123.263000
120.243000
116.723000
117.253000
133.420000
134.340000
135.380000
135.540000
133.790000
131.920000
130.940000
129.580000
127.710000
123.820000
119.040000
119.190000
119.350000
116.220000
113.080000
113.110000
130.588000
131.568000
137.068000
139.428000
140.158000
135.368000
127.318000
127.928000
126.648000
124.748000
122.218000
121.318000
120.798000
118.018000
116.108000
113.958000
132.304000
133.294000
135.674000
136.414000
133.774000
124.244000
125.114000
125.484000
124.214000
121.824000
118.564000
117.054000
116.914000
114.404000
112.014000
110.124000
128.545000
129.675000
129.415000
128.265000
122.205000
121.315000
122.315000
122.435000
121.165000
117.875000
114.085000
113.315000
113.055000
110.905000
108.625000
107.985000
124.987000
125.857000
124.717000
123.207000
118.667000
119.287000
120.037000
119.777000
118.767000
114.477000
110.447000
110.317000
110.307000
108.407000
107.147000
107.267000
130.898000
132.158000
133.808000
134.058000
130.638000
122.288000
124.188000
124.438000
123.178000
121.528000
119.888000
118.998000
116.468000
113.298000
123.514000
124.644000
122.754000
120.484000
115.304000
118.084000
118.964000
119.224000
118.214000
114.554000
110.894000
110.264000
109.254000
106.604000
106.224000
104.204000